0 -400 426
10 -332 352
1 -300 352
1 -268 352
10 -236 352
10 -232 300
2 -200 300
1 -168 300
2 -136 300
10 -104 300
10 -200 200
3 -168 200 8
10 -136 200
10 168 335
2 200 335
12 232 303
12 296 303
12 360 303
1 232 335
2 264 335
1 296 335
2 328 335
1 360 335
2 392 335
10 424 335
10 232 268
2 264 268
1 296 268
2 328 268
10 360 268
10 264 168
3 296 168 9
10 328 168
10 968 321
2 1000 321
3 1032 321 9
1 1064 321
3 1096 321 7
2 1128 321
10 1160 321
10 1733 425
1 1765 425
10 1797 425
10 1829 354
1 1861 354
10 1893 354
10 1930 283
1 1962 283
9 1962 255
1 1994 283
9 1994 255
1 2026 283
9 2026 255
1 2058 283
10 2026 251
1 2058 251
1 2090 283
1 2090 251
10 2058 219
1 2090 219
1 2122 283
1 2122 251
1 2122 219
10 2090 187
1 2122 187
1 2154 283
1 2154 251
1 2154 219
1 2154 187
10 2122 155
1 2154 155
1 2186 283
1 2186 251
1 2186 219
1 2186 187
1 2186 155
10 2154 123
1 2186 123
10 2218 123
10 2218 155
10 2218 187
10 2218 219
10 2218 251
10 2218 283
6 2378 155
10 2568 352
1 2600 352
9 2600 324
10 2632 352
10 2664 290
1 2696 290
9 2696 262
10 2728 290
10 2760 352
1 2792 352
9 2792 324
10 2824 352
10 2852 290
1 2884 290
9 2884 262
10 2916 290
1 3012 352
9 3012 324
10 2980 352
10 3044 352
2 3108 304
10 3076 304
10 3140 304
1 3204 256
10 3172 256
10 3236 256
2 3300 208
10 3268 208
10 3332 208
3 3204 80 8
10 3172 80
10 3236 80
10 3968 304
13 3968 408
12 4050 421
12 4100 421
12 4150 421
1 4000 304
2 4032 304
9 4032 276
1 4064 304
2 4096 304
9 4096 276
1 4128 304
2 4160 304
9 4160 276
1 4192 304
2 4224 304
9 4224 276
1 4256 304
10 4288 304
12 5200 421
12 5264 421
12 5328 421
12 5392 421