0 -600 251
10 51 155
1 83 155
10 115 155
10 179 250
1 211 250
10 243 250
10 307 155
1 339 155
10 371 155
10 435 250
1 467 250
10 499 250
10 435 59
3 467 59 5
10 499 59
10 563 155
1 595 155
10 627 155
10 968 283
2 1000 283
1 1032 283
2 1064 283
1 1096 283
2 1128 283
1 1160 283
2 1192 283
10 1224 283
9 1064 255
9 1096 255
9 1128 255
9 1160 255
9 1032 255
14 950 100
13 1300 383
12 1364 399
12 1428 399
11 1492 399
11 1566 399
10 1568 283
2 1600 283
1 1632 283
2 1664 283
10 1632 155
3 1664 155 9
3 1696 155 9
3 1728 155 9
3 1760 155 9
3 1792 155 9
10 1824 155
1 1696 283
2 1728 283
1 1760 283
2 1792 283
1 1824 283
2 1856 283
10 1888 283
10 2268 283
2 2300 283
1 2332 283
2 2364 283
1 2396 283
2 2428 283
1 2460 283
2 2492 283
1 2524 283
2 2556 283
10 2588 283
9 2364 255
9 2396 255
9 2428 255
9 2460 255
9 2492 255
10 3362 225
1 3394 225
10 3426 225
10 3478 180
1 3510 180
10 3542 180
10 3594 225
1 3626 225
10 3658 225
12 3900 251
12 4300 251
14 4000 223
6 5300 251
10 5621 219
1 5653 219
10 5685 219
10 5845 219
1 5877 219
10 5909 219