0 -400 426
4 -700 456 0
7 -600 423
6 -500 423
8 -450 420
5 -300 321
9 -500 423
1 -300 352
1 -268 352
2 -200 300
1 -168 300
2 -136 300
3 -168 200 8
2 200 335
1 232 335
2 264 335
1 296 335
2 328 335
1 360 335
2 392 335
2 264 268
1 296 268
2 328 268
3 296 168 8
2 1000 321
3 1032 321 9
1 1064 321
3 1096 321 7
2 1128 321
1 1765 425
1 1861 354
1 1962 283
9 1962 255
1 1994 283
9 1994 255
1 2026 283
9 2026 255
1 2058 283
1 2058 251
1 2090 283
1 2090 251
1 2090 219
1 2122 283
1 2122 251
1 2122 219
1 2122 187
1 2154 283
1 2154 251
1 2154 219
1 2154 187
1 2154 155
1 2186 283
1 2186 251
1 2186 219
1 2186 187
1 2186 155
1 2186 123
6 2378 155
1 2600 352
9 2600 324
1 2696 290
9 2696 262
1 2792 352
9 2792 324
1 2884 290
9 2884 262
1 3012 352
9 3012 324
2 3108 304
1 3204 256
2 3300 208
3 3204 64 8
1 4000 304
2 4032 304
9 4032 276
1 4064 304
2 4096 304
9 4096 276
1 4128 304
2 4160 304
9 4160 276
1 4192 304
2 4224 304
9 4224 276
1 4256 304